Иванов Инженер 15 05 1985 10 50000
Петров Менеджер 23 11 1990 5 60000
Сидоров Программист 10 03 1988 8 50000
Козлов Бухгалтер 01 07 1992 3 45000
Соколов Аналитик 19 12 1987 9 55000
Михайлов Инженер 04 02 1995 2 40000
Фёдоров Менеджер 28 08 1983 15 70000
Морозов Программист 17 06 1991 6 65000
Волков Бухгалтер 12 11 1989 7 50000
Алексеев Аналитик 09 04 1993 4 48000
Лебедев Инженер 22 01 1986 12 52000
Семёнов Менеджер 30 09 1994 3 43000
Егоров Программист 14 10 1982 14 58000
Павлов Бухгалтер 16 03 1990 5 47000
Кузнецов Аналитик 25 07 1988 8 63000
Новиков Инженер 07 12 1995 2 38000
Тимофеев Менеджер 11 04 1984 13 59000
Григорьев Программист 24 06 1993 4 54000
Сергеев Бухгалтер 03 08 1987 9 51000
Дмитриев Аналитик 27 02 1991 6 46000